1375
2122
2123
2146
2148
2149
2170
2171
2172
2190
2191
2209
2210
2227
2228
2229
2244
2245
2246
2261
2262
2263
2278
2280
2281
2294
2296
2297
2310
2312
2313
2314
2330
2331
2332
2347
2348
2349
2350
2367
2368
2370
2371
2390
2392
2393
2414
2415
2416
2417
2438
2440
2441
2463
2465
2487
2488
2489
2510
2511
2512
2513
2535
2536
2537
2558
2559
2560
2561
2579
2580
2581
2598
2599
2614
2615
2627
2628
2635
2636
2637
2643
2645
2650
2651
2652
2657
2658
2659
2660
2662
2663
2664
2665
2666
5217
5218
5269
5318
5366
5490
5524
5550
5572
5573
5574
5595
5597
5617
5618
5619
5620
5638
5639
5640
5641
5657
5658
5659
5660
5672
5673
5674
5685
5686
5687
5700
5710
5711
5715
5716
5717
5718
5722
5723
5724
5725
5730
5731
5732
5733
5739
5746
5747
5760
5761
5768